Tan_Alt
   0.000000       10.00000       20.00000       30.00000       40.00000    
   50.00000       60.00000       70.00000    
Tan_Lat
  -44.82113      -44.87261      -44.92432      -44.97627      -45.02847    
  -45.08092      -45.13364      -45.18664    
Tan_Lon
  -82.13601      -82.09990      -82.06355      -82.02694      -81.99007    
  -81.95292      -81.91550      -81.87778    
NMC_Pres
   938.0042       882.0364       828.6595       777.8491       729.5842    
   683.7385       640.1531       598.7721       559.5139       522.2987    
   487.0644       453.8498       422.5825       393.1574       365.4853    
   339.5203       315.1724       292.3642       271.0916       251.2766    
   232.8900       215.8277       199.9935       185.2449       171.5804    
   158.9208       147.2111       136.4150       126.4082       117.1331    
   108.5364       100.5687       93.17343       86.31522       79.95609    
   74.06017       68.58851       63.50042       58.78291       54.40950    
   50.35556       46.60494       43.13546       39.92561       36.95586    
   34.20817       31.66584       29.31131       27.13152       25.11940    
   23.26161       21.54594       19.96116       18.49694       17.14382    
   15.89308       14.73673       13.66740       12.67833       11.76330    
   10.91658       10.13291       9.410161       8.740363       8.118940    
   7.542348       7.007307       6.510777       6.049948       5.622215    
   5.225167       4.856880       4.516502       4.201825       3.910770    
   3.641439       3.392094       3.161148       2.947145       2.748755    
   2.564757       2.394033       2.235557       2.088387       1.951625    
   1.824252       1.705554       1.594916       1.491769       1.395583    
   1.305870       1.222175       1.144079       1.071191       1.003150    
  0.9408301      0.8823501      0.8274152      0.7758159      0.7273549    
  0.6814232      0.6384181      0.5982186      0.5606758      0.5256197    
  0.4928686      0.4622383      0.4335500      0.4066372      0.3813384    
  0.3575214      0.3350862      0.3139491      0.2940414      0.2752977    
  0.2576557      0.2410563      0.2254432      0.2107626      0.1969669    
  0.1840103      0.1718484      0.1604389      0.1497383      0.1397058    
  0.1303025      0.1214917      0.1132386      0.1055103      0.9827506E-01
  0.9150276E-01  0.8516524E-01  0.7923598E-01  0.7369068E-01  0.6850636E-01
  0.6366131E-01  0.5913501E-01  0.5490807E-01  0.5096221E-01  0.4727997E-01
NMC_Temp
   278.5952       274.7519       271.1345       267.8484       264.5623    
   261.1209       257.4038       253.6867       249.9696       246.2524    
   242.9735       240.4286       237.8838       235.4088       233.1577    
   230.9067       228.6556       226.8088       225.7386       224.6684    
   224.2958       223.9732       223.6507       223.5921       223.5336    
   223.4750       223.4166       223.3584       223.3002       223.2421    
   223.1839       223.1257       222.9287       222.7206       222.5124    
   222.3042       222.0624       221.7270       221.3916       221.0562    
   220.7207       220.7778       220.8743       220.9708       221.0673    
   221.1638       221.2603       221.5191       222.1565       222.7939    
   223.4312       224.0686       224.7060       225.3434       225.9807    
   226.6181       227.2555       227.8929       228.5302       229.1676    
   229.8050       230.4424       230.7776       231.0476       231.3176    
   231.5875       231.8575       232.1275       232.3975       232.6675    
   232.9375       233.6679       235.0947       236.5215       237.9483    
   239.3752       240.8020       242.2288       243.6556       245.0824    
   246.5092       247.9361       249.3629       250.7897       251.9886    
   252.7859       253.5833       254.3806       255.1779       255.9752    
   256.7725       257.5698       258.3671       259.1644       259.9617    
   259.5826       259.1442       258.7058       258.2674       257.8290    
   257.6892       258.0698       258.8229       259.7733       260.7386    
   261.5491       262.0659       262.1926       261.8839       260.8997    
   259.7148       258.2850       256.8552       255.4265       253.9978    
   252.5703       251.1429       249.7166       248.2903       246.9859    
   245.6814       244.4989       243.3163       242.1351       240.9538    
   239.7738       238.5939       237.4151       236.2365       235.0040    
   233.7715       232.4850       231.1985       229.9127       228.6269    
   227.3419       226.0569       224.7727       223.4885       222.1835    
NMC_Dens
  0.2438694E+20  0.2325262E+20  0.2213694E+20  0.2103452E+20  0.1997440E+20
  0.1896595E+20  0.1801338E+20  0.1709583E+20  0.1621250E+20  0.1536260E+20
  0.1451957E+20  0.1367263E+20  0.1286687E+20  0.1209679E+20  0.1135393E+20
  0.1065014E+20  0.9983723E+19  0.9336638E+19  0.8698341E+19  0.8100955E+19
  0.7520661E+19  0.6979710E+19  0.6476968E+19  0.6000892E+19  0.5559698E+19
  0.5150838E+19  0.4772559E+19  0.4423704E+19  0.4100268E+19  0.3800405E+19
  0.3522401E+19  0.3264669E+19  0.3027278E+19  0.2807070E+19  0.2602697E+19
  0.2413033E+19  0.2237189E+19  0.2074361E+19  0.1923164E+19  0.1782783E+19
  0.1652458E+19  0.1528983E+19  0.1414541E+19  0.1308708E+19  0.1210835E+19
  0.1120320E+19  0.1036606E+19  0.9584077E+18  0.8845886E+18  0.8166429E+18
  0.7540882E+18  0.6964833E+18  0.6434240E+18  0.5945404E+18  0.5494932E+18
  0.5079719E+18  0.4696917E+18  0.4343916E+18  0.4018322E+18  0.3717938E+18
  0.3440753E+18  0.3184915E+18  0.2953450E+18  0.2740023E+18  0.2542242E+18
  0.2358944E+18  0.2189052E+18  0.2031573E+18  0.1885586E+18  0.1750241E+18
  0.1624752E+18  0.1505513E+18  0.1391508E+18  0.1286748E+18  0.1190435E+18
  0.1101844E+18  0.1020315E+18  0.9452470E+17  0.8760954E+17  0.8123630E+17
  0.7535973E+17  0.6993856E+17  0.6493519E+17  0.6031529E+17  0.5609726E+17
  0.5227067E+17  0.4871595E+17  0.4541300E+17  0.4234330E+17  0.3948972E+17
  0.3683644E+17  0.3436884E+17  0.3207341E+17  0.2993767E+17  0.2795005E+17
  0.2625196E+17  0.2466185E+17  0.2316560E+17  0.2175781E+17  0.2043341E+17
  0.1915345E+17  0.1791819E+17  0.1674108E+17  0.1563304E+17  0.1460134E+17
  0.1364910E+17  0.1277561E+17  0.1197691E+17  0.1124668E+17  0.1058676E+17
  0.9970833E+16  0.9396877E+16  0.8853137E+16  0.8338131E+16  0.7850526E+16
  0.7388966E+16  0.6952226E+16  0.6539068E+16  0.6148369E+16  0.5776269E+16
  0.5424952E+16  0.5090903E+16  0.4776002E+16  0.4479211E+16  0.4199591E+16
  0.3936201E+16  0.3688193E+16  0.3454715E+16  0.3235001E+16  0.3028965E+16
  0.2835102E+16  0.2653344E+16  0.2482354E+16  0.2321538E+16  0.2170350E+16
  0.2028253E+16  0.1894755E+16  0.1769371E+16  0.1651655E+16  0.1541315E+16
NMC_Dens_Err
    183    185    188    190    193    195    199    202    205    208    210
    213    215    217    219    222    224    225    227    228    228    228
    229    229    229    229    229    229    229    229    229    229    219
    208    199    190    183    184    184    184    185    192    200    208
    215    221    227    231    230    229    228    227    226    226    225
    224    224    223    223    222    222    222    227    232    238    243
    247    251    255    259    262    267    274    281    288    293    299
    304    309    313    317    321    324    327    330    334    337    341
    344    347    349    352    354    357    358    371    384    397    409
    420    466    465    464    462    460    459    458    458    458    460
    462    465    467    470    472    475    478    481    483    486    488
    491    493    496    498    500    503    505    508    511    513    516
    519    522    525    528    531    534    537    540
Trop_Height
   9.661252    
Wavelength
   1.019220      0.9350220      0.5998990      0.5251660      0.4525700    
  0.4480000      0.3861950    
O3
  -999.0000      -999.0000      -999.0000      -999.0000      -999.0000    
  -999.0000      -999.0000      -999.0000      -999.0000      -999.0000    
  -999.0000      -999.0000      0.7620360E+12  0.3278464E+12  0.4424142E+12
  0.8851590E+12  0.1456709E+13  0.1358553E+13  0.2244631E+13  0.2881557E+13
  0.2647907E+13  0.2335997E+13  0.2936074E+13  0.3066078E+13  0.2300681E+13
  0.2073059E+13  0.2249637E+13  0.2695255E+13  0.2573016E+13  0.2771300E+13
  0.3089535E+13  0.3494465E+13  0.3745384E+13  0.3881106E+13  0.4439811E+13
  0.4948956E+13  0.5305216E+13  0.5203296E+13  0.4832089E+13  0.5045475E+13
  0.5305338E+13  0.5400213E+13  0.5323925E+13  0.5252018E+13  0.5173704E+13
  0.5138361E+13  0.4976992E+13  0.4773048E+13  0.4571984E+13  0.4373731E+13
  0.4291284E+13  0.4188760E+13  0.4055477E+13  0.3853326E+13  0.3635319E+13
  0.3477653E+13  0.3259836E+13  0.3008620E+13  0.2823680E+13  0.2664190E+13
  0.2470377E+13  0.2278715E+13  0.2112818E+13  0.1967347E+13  0.1857932E+13
  0.1718557E+13  0.1585318E+13  0.1468987E+13  0.1397805E+13  0.1311706E+13
  0.1229711E+13  0.1139638E+13  0.1041027E+13  0.9809058E+12  0.9125418E+12
  0.8627828E+12  0.7794238E+12  0.7131019E+12  0.6348136E+12  0.5764895E+12
  0.5319632E+12  0.4814668E+12  0.4481190E+12  0.4138416E+12  0.3643735E+12
  0.3092700E+12  0.2622534E+12  0.2251866E+12  0.1980548E+12  0.1736590E+12
  0.1535077E+12  0.1410789E+12  0.1184268E+12  0.9419944E+11  0.8739856E+11
  0.8074969E+11  0.7660913E+11  0.6961306E+11  0.5773260E+11  0.5445694E+11
  0.4728968E+11  0.4653352E+11  0.4184478E+11  0.3766939E+11  0.3409786E+11
  0.3057493E+11  0.2740039E+11  0.2439389E+11  0.2172973E+11  0.1935179E+11
  0.1726951E+11  0.1541994E+11  0.1382550E+11  0.1232866E+11  0.1089090E+11
  0.9588706E+10  0.8442229E+10  0.7423199E+10  0.6508025E+10  0.5706382E+10
  0.5022154E+10  0.4387550E+10  0.3817513E+10  0.3317415E+10  0.2936614E+10
  0.2639247E+10  0.2378914E+10  0.2157275E+10  0.1972855E+10  0.1810609E+10
  0.1679566E+10  0.1573158E+10  0.1499545E+10  0.1441085E+10  -999.0000    
  -999.0000      -999.0000      -999.0000      -999.0000      -999.0000    
NO2
  -999.0000      -999.0000      -999.0000      -999.0000      -999.0000    
  -999.0000      -999.0000      -999.0000      -999.0000      -999.0000    
  -999.0000      -999.0000      -999.0000      -999.0000      -999.0000    
  -999.0000      -999.0000      -999.0000      -999.0000      -999.0000    
  -999.0000      -999.0000      -999.0000      -999.0000      -999.0000    
  -999.0000      -999.0000      -999.0000      -999.0000      -999.0000    
  0.5911075E+09  0.5914559E+09  0.5379436E+09  0.4944893E+09  0.5314982E+09
  0.6493647E+09  0.7880348E+09  0.8753957E+09  0.9368505E+09  0.1033244E+10
  0.1159965E+10  0.1298391E+10  0.1431913E+10  0.1579908E+10  0.1783704E+10
  0.1992013E+10  0.2111514E+10  0.2158794E+10  0.2220649E+10  0.2332419E+10
  0.2461451E+10  0.2554158E+10  0.2590338E+10  0.2599912E+10  0.2634211E+10
  0.2695308E+10  0.2735064E+10  0.2707578E+10  0.2600927E+10  0.2456730E+10
  0.2319481E+10  0.2215813E+10  0.2171298E+10  0.2140736E+10  0.2012814E+10
  0.1763803E+10  0.1493232E+10  0.1285926E+10  0.1151732E+10  0.1046490E+10
  0.9466241E+09  0.8733030E+09  0.8020891E+09  0.7158023E+09  0.6589107E+09
  0.6423171E+09  0.6084372E+09  0.5344441E+09  0.4651821E+09  0.4134960E+09
  0.3624818E+09  0.3118661E+09  0.2632973E+09  0.2193133E+09  0.1809916E+09
  0.1484465E+09  0.1217445E+09  0.9995296E+08  0.8189497E+08  0.6722905E+08
  0.5581591E+08  0.4712065E+08  0.4041160E+08  0.3519511E+08  0.3125191E+08
  0.2842874E+08  0.2645504E+08  0.2506467E+08  0.2420663E+08  0.2384939E+08
H2O
  -999.0000      -999.0000      -999.0000      -999.0000      -999.0000    
  0.7314356E-04  0.1023958E-03  0.1947479E-03  0.2936616E-03  0.3538376E-03
  0.3466112E-03  0.4538958E-03  0.1374569E-03  0.6024322E-04  0.3963526E-04
  0.2003530E-04  0.1459985E-04  0.1008872E-04  0.7391293E-05  0.6471828E-05
  0.5983056E-05  0.5398417E-05  0.5868771E-05  0.7306896E-05  0.7030115E-05
  0.6139383E-05  0.6090301E-05  0.6752061E-05  0.7161742E-05  0.7341162E-05
  0.7937058E-05  0.8046130E-05  0.7910428E-05  0.7859495E-05  0.7171072E-05
  0.6569708E-05  0.6254045E-05  0.5874193E-05  0.5754910E-05  0.5793549E-05
  0.5634539E-05  0.5316828E-05  0.5204382E-05  0.5441874E-05  0.5193825E-05
  0.4557043E-05  0.4449442E-05  0.4440067E-05  0.4706812E-05  0.5230700E-05
  0.5204483E-05  0.5051195E-05  0.5191484E-05  0.5300952E-05  0.5246230E-05
  0.5084327E-05  0.5017984E-05  0.5112689E-05  0.5228807E-05  0.5358744E-05
  0.5307664E-05  0.5526943E-05  0.5923887E-05  0.5637801E-05  0.5369438E-05
  0.5488321E-05  0.5690372E-05  0.6239322E-05  0.6813326E-05  0.6673878E-05
  0.5955191E-05  0.5006437E-05  0.4716767E-05  0.5739955E-05  0.6400601E-05
  0.7017949E-05  0.7259642E-05  0.5391606E-05  0.4576215E-05  0.6300412E-05
  0.5967303E-05  0.4393149E-05  0.5272864E-05  0.5890156E-05  0.6976303E-05
  0.8907288E-05  0.7972689E-05  0.5246400E-05  0.3486099E-05  0.4053182E-05
  0.8149854E-05  0.1293297E-04  0.1090579E-04  0.3946265E-05  0.1068354E-05
  0.3520828E-05  0.9033202E-05  0.1302457E-04  0.9217199E-05  0.1277907E-04
Ext386
  -999.0000      -999.0000      -999.0000      -999.0000      -999.0000    
  -999.0000      -999.0000      -999.0000      -999.0000      -999.0000    
  -999.0000      -999.0000      -999.0000      -999.0000      -999.0000    
  -999.0000      -999.0000      -999.0000      -999.0000      -999.0000    
  -999.0000      -999.0000      -999.0000      -999.0000      0.1325998E-02
  0.1714448E-02  0.2709411E-02  0.2892944E-02  0.2933762E-02  0.3244879E-02
  0.3414439E-02  0.3158963E-02  0.3366157E-02  0.3188151E-02  0.2935543E-02
  0.2610379E-02  0.2216768E-02  0.1959664E-02  0.1881634E-02  0.1660580E-02
  0.1504260E-02  0.1393595E-02  0.1171124E-02  0.1018267E-02  0.8526255E-03
  0.7409122E-03  0.6468892E-03  0.5513945E-03  0.4992718E-03  0.3917294E-03
  0.2505168E-03  0.1955947E-03  0.1557942E-03  0.1213118E-03  0.1062429E-03
  0.8894315E-04  0.7864268E-04  0.4939035E-04  0.4365265E-04  0.6148707E-04
  0.3008090E-04  0.2367720E-04  0.1846698E-04  0.1475630E-04  0.1174637E-04
  0.8953847E-05  0.7185420E-05  0.5855053E-05  0.4881299E-05  0.4201151E-05
  0.3726305E-05  0.3415124E-05  0.3218943E-05  0.3108859E-05  0.3071672E-05
  0.3094433E-05  0.3168560E-05  0.3286881E-05  0.3350898E-05  0.3452430E-05
Ext452
  -999.0000      -999.0000      -999.0000      -999.0000      -999.0000    
  -999.0000      -999.0000      -999.0000      -999.0000      -999.0000    
  -999.0000      -999.0000      -999.0000      -999.0000      -999.0000    
  -999.0000      -999.0000      -999.0000      0.2660887E-02  0.3597782E-02
  0.3440541E-02  0.4024432E-02  0.3998900E-02  0.4332785E-02  0.3231319E-02
  0.2768802E-02  0.3321994E-02  0.3307427E-02  0.3344404E-02  0.3459263E-02
  0.3703922E-02  0.3512594E-02  0.3576860E-02  0.3361554E-02  0.3086838E-02
  0.2711037E-02  0.2312219E-02  0.2035890E-02  0.1964174E-02  0.1700914E-02
  0.1519497E-02  0.1410038E-02  0.1157458E-02  0.9754400E-03  0.8126360E-03
  0.7025256E-03  0.6196698E-03  0.5316502E-03  0.4727340E-03  0.3607447E-03
  0.2301242E-03  0.1815157E-03  0.1370864E-03  0.1080076E-03  0.9073175E-04
  0.7869711E-04  0.6794833E-04  0.4555500E-04  0.3794100E-04  0.3662801E-04
  0.3479186E-04  0.2600232E-04  0.2221625E-04  0.1951110E-04  0.1728879E-04
  0.1542016E-04  0.1372199E-04  0.1286340E-04  0.1216793E-04  0.1159320E-04
  0.1112535E-04  0.1077129E-04  -999.0000      -999.0000      -999.0000    
  -999.0000      -999.0000      -999.0000      -999.0000      -999.0000    
Ext525
  -999.0000      -999.0000      -999.0000      -999.0000      -999.0000    
  -999.0000      -999.0000      -999.0000      -999.0000      -999.0000    
  -999.0000      -999.0000      0.2522007E-02  0.1136744E-02  0.7148511E-03
  0.1327351E-02  0.1747100E-02  0.2757514E-02  0.3439424E-02  0.3428719E-02
  0.3630586E-02  0.3985933E-02  0.4171571E-02  0.4028778E-02  0.3329280E-02
  0.2740026E-02  0.3279944E-02  0.3297272E-02  0.3310301E-02  0.3480555E-02
  0.3697613E-02  0.3596616E-02  0.3494441E-02  0.3297503E-02  0.2982479E-02
  0.2579145E-02  0.2199229E-02  0.1926441E-02  0.1835216E-02  0.1579207E-02
  0.1380221E-02  0.1280204E-02  0.1038412E-02  0.8419043E-03  0.7006911E-03
  0.6165444E-03  0.5476372E-03  0.4699239E-03  0.4099862E-03  0.3083202E-03
  0.1954401E-03  0.1575622E-03  0.1176929E-03  0.9061893E-04  0.7363983E-04
  0.7011043E-04  0.5894449E-04  0.4419352E-04  0.3312897E-04  0.2976598E-04
  0.3275324E-04  0.2530210E-04  0.2196189E-04  0.1932784E-04  0.1730218E-04
  0.1548875E-04  0.1356777E-04  0.1189358E-04  0.1040895E-04  0.9109117E-05
  0.7959089E-05  0.6913417E-05  0.5960715E-05  0.5165321E-05  0.4516931E-05
  0.3935734E-05  0.3434125E-05  0.3017442E-05  0.2693438E-05  0.2452474E-05
Ext1020
  -999.0000      -999.0000      -999.0000      -999.0000      -999.0000    
  0.1758828E-01  0.1223769E-01  0.1553614E-01  0.7871990E-02  0.3337860E-02
  0.6877435E-03  0.4701998E-02  0.3114426E-02  0.3617893E-03  0.2791830E-03
  0.6479998E-03  0.8563643E-03  0.1398262E-02  0.1810767E-02  0.2030902E-02
  0.1987803E-02  0.2127428E-02  0.2245360E-02  0.2253558E-02  0.1883885E-02
  0.1616333E-02  0.1750407E-02  0.1871336E-02  0.1869694E-02  0.1963518E-02
  0.1983461E-02  0.1895152E-02  0.1764817E-02  0.1601977E-02  0.1347910E-02
  0.1057146E-02  0.8488203E-03  0.7128869E-03  0.6699769E-03  0.5583114E-03
  0.4521685E-03  0.4108392E-03  0.3085455E-03  0.2363356E-03  0.1849179E-03
  0.1695775E-03  0.1483719E-03  0.1269370E-03  0.1045808E-03  0.7505402E-04
  0.4034791E-04  0.3300239E-04  0.2433715E-04  0.1759295E-04  0.1254871E-04
  0.8998746E-05  0.6637594E-05  0.4878028E-05  0.3609035E-05  0.2699904E-05
  0.2032340E-05  0.1544953E-05  0.1188475E-05  0.9291066E-06  0.7532379E-06
  0.6304385E-06  0.5408492E-06  0.4773610E-06  0.4291708E-06  0.4027690E-06
  0.3822675E-06  0.3669006E-06  0.3565002E-06  0.3510971E-06  -999.0000    
  -999.0000      -999.0000      -999.0000      -999.0000      -999.0000    
Density
  0.2438694E+20  0.2325262E+20  0.2213694E+20  0.2103452E+20  0.1997440E+20
  0.1896595E+20  0.1801338E+20  0.1709583E+20  0.1621250E+20  0.1536260E+20
  0.1451957E+20  0.1367263E+20  0.1286687E+20  0.1209679E+20  0.1135393E+20
  0.1065014E+20  0.9983723E+19  0.9336638E+19  0.8698341E+19  0.8100955E+19
  0.7520661E+19  0.6979710E+19  0.6476968E+19  0.6000892E+19  0.5559698E+19
  0.5150838E+19  0.4772559E+19  0.4423704E+19  0.4100268E+19  0.3800405E+19
  0.3522401E+19  0.3264669E+19  0.3027278E+19  0.2807070E+19  0.2602697E+19
  0.2413033E+19  0.2237189E+19  0.2074361E+19  0.1923164E+19  0.1782783E+19
  0.1652458E+19  0.1528983E+19  0.1414541E+19  0.1308708E+19  0.1210835E+19
  0.1120320E+19  0.1036606E+19  0.9584077E+18  0.8845886E+18  0.8166429E+18
  0.7540882E+18  0.6964833E+18  0.6434240E+18  0.5945404E+18  0.5494932E+18
  0.5079719E+18  0.4696917E+18  0.4343916E+18  0.4018322E+18  0.3717938E+18
  0.3440753E+18  0.3184915E+18  0.2953450E+18  0.2740023E+18  0.2542242E+18
  0.2358944E+18  0.2189052E+18  0.2031573E+18  0.1885586E+18  0.1750241E+18
  0.1624752E+18  0.1505513E+18  0.1391508E+18  0.1286748E+18  0.1190435E+18
  0.1101844E+18  0.1020315E+18  0.9452470E+17  0.8760954E+17  0.8123630E+17
  0.7535973E+17  0.6993856E+17  0.6493519E+17  0.6031529E+17  0.5609726E+17
  0.5227067E+17  0.4871595E+17  0.4541300E+17  0.4234330E+17  0.3948972E+17
  0.3683644E+17  0.3436884E+17  0.3207341E+17  0.2993767E+17  0.2795005E+17
  0.2625196E+17  0.2466185E+17  0.2316560E+17  0.2175781E+17  0.2043341E+17
  0.1915345E+17  0.1791819E+17  0.1674108E+17  0.1563304E+17  0.1460134E+17
  0.1364910E+17  0.1277561E+17  0.1197691E+17  0.1124668E+17  0.1058676E+17
  0.9970833E+16  0.9396877E+16  0.8853137E+16  0.8338131E+16  0.7850526E+16
  0.7388966E+16  0.6952226E+16  0.6539068E+16  0.6148369E+16  0.5776269E+16
  0.5424952E+16  0.5090903E+16  0.4776002E+16  0.4479211E+16  0.4199591E+16
  0.3936201E+16  0.3688193E+16  0.3454715E+16  0.3235001E+16  0.3028965E+16
  0.2835102E+16  0.2653344E+16  0.2482354E+16  0.2321538E+16  0.2170350E+16
  0.2028253E+16  0.1894755E+16  0.1769371E+16  0.1651655E+16  0.1541315E+16
SurfDen
  -999.0000      -999.0000      -999.0000      -999.0000      -999.0000    
   35.17655       24.47538       31.07227       15.74398       6.675719    
   1.375487       9.403996       7.105318       1.887995       1.156615    
   2.216096       2.919949       4.652210       5.870509       6.116286    
   6.280583       6.834309       7.173221       7.024520       5.830447    
   4.879378       5.623587       5.781044       5.793098       6.088266    
   6.350768       6.140530       5.888576       5.498540       4.895768    
   4.181500       3.558110       3.120716       2.975643       2.568650    
   2.275416       2.121456       1.765023       1.467677       1.264101    
   1.086183      0.9728069      0.8361741      0.7561579      0.5884719    
  0.4377384      0.3470685      0.2630994      0.2191572      0.2168203    
  -999.0000      -999.0000      -999.0000      -999.0000      -999.0000    
  -999.0000      -999.0000      -999.0000      -999.0000      -999.0000    
  -999.0000      -999.0000      -999.0000      -999.0000      -999.0000    
  -999.0000      -999.0000      -999.0000      -999.0000      -999.0000    
  -999.0000      -999.0000      -999.0000      -999.0000      -999.0000    
Radius
  -999.0000      -999.0000      -999.0000      -999.0000      -999.0000    
  -999.0000      -999.0000      -999.0000      -999.0000      -999.0000    
  -999.0000      -999.0000      0.6226009      0.2311999      0.2679460    
  0.3197695      0.3208336      0.3299692      0.3404774      0.3761691    
  0.3518917      0.3444147      0.3468660      0.3583204      0.3618390    
  0.3748590      0.3443799      0.3627537      0.3612737      0.3609096    
  0.3458698      0.3407228      0.3288669      0.3184892      0.3003157    
  0.2780439      0.2655667      0.2573572      0.2547997      0.2489175    
  0.2358477      0.2325151      0.2208005      0.2128441      0.2048123    
  0.2101213      0.2081541      0.2077683      0.2006432      0.1951884    
  0.1782806      0.1796333      0.1784326      0.1727946      0.1624143    
  -999.0000      -999.0000      -999.0000      -999.0000      -999.0000    
  -999.0000      -999.0000      -999.0000      -999.0000      -999.0000    
  -999.0000      -999.0000      -999.0000      -999.0000      -999.0000    
  -999.0000      -999.0000      -999.0000      -999.0000      -999.0000    
  -999.0000      -999.0000      -999.0000      -999.0000      -999.0000    
Dens_Mid_Atm
  0.7484912E+17  0.6762222E+17  0.6014634E+17  0.6172587E+17  0.5331687E+17
  0.5398591E+17  0.5040721E+17  0.4503560E+17  0.4169566E+17  0.3720054E+17
  0.3525442E+17  0.3714582E+17  0.3120846E+17  0.2790775E+17  0.2709477E+17
  0.2425352E+17  0.2385150E+17  0.2082638E+17  0.2217371E+17  0.2473727E+17
  0.1663901E+17  0.1443433E+17  0.1912092E+17  0.1899670E+17  0.1509864E+17
  0.1583201E+17  0.1487599E+17  0.1498660E+17  0.1155275E+17  0.1418221E+17
  0.1222520E+17  0.6119070E+16  0.8615676E+16  0.1101608E+17  0.6502055E+16
  0.4598197E+16  0.2010298E+16  0.1247934E+16  0.1284093E+17  0.7280729E+16
  0.6017176E+16  0.5234264E+16  0.3561335E+16  0.1267064E+16  0.3335660E+16
  0.4206242E+16  0.5067525E+16  0.3592436E+16  0.3405421E+16  0.1161485E+16
  0.4073320E+15  0.2425905E+16  0.3053764E+16  0.5120674E+16  0.8495537E+15
  0.2047252E+16  0.5145710E+16  0.3801226E+16  0.8888491E+15  0.5804697E+16
  0.3838597E+16  0.8289007E+15  0.1263444E+16  0.4125396E+16  0.2447925E+15
  0.8716749E+13  0.1285010E+16  -999.0000      -999.0000      -999.0000    
O3_Err
   -999   -999   -999   -999   -999   -999   -999   -999   -999   -999   -999
   -999  30000  11816  16008   5651   4549   6444    663   1023   1978   1721
   1184   1028   1662   1624   1068    826    835   1120    147    456    416
    386    270    196    180    164    144    126     99    103    108     95
     91     91     89     89     85     83     78     73     71     67     65
     65     60     71     59     70     59     58     61     60     64     64
     66     76     67     83     68     63     58     24    210     27    139
    124    125    122    170    167    133    257    100    103    138    103
    116    149     69     24    283    145    101    167     75    350     57
    241    223     34     51    202    119    126    118     48     40    223
    543     75    363    195    196    772    368    609    192    342   1473
    166    642   1186   1131    663   1174    761   1518   4440    440   3198
    931    647   -999   -999   -999   -999   -999   -999
NO2_Err
   -999   -999   -999   -999   -999   -999   -999   -999   -999   -999   -999
   -999   -999   -999   -999   -999   -999   -999   -999   -999   -999   -999
   -999   -999   -999   -999   -999   -999   -999   -999  16272  16049  16060
  15550  12613   8826   6019   5294   4445   3704   2815   2488   2244   1961
   1678   1451   1353   1302   1173   1039    916    819    750    693    641
    579    530    500    475    484    478    388    494    418    416    466
    513    591    589    702    666    613    717    826    805    787    815
    261    279    298    329    330    434    482    532    591    758    861
   1052   1081   1297   1431   1795   1686   1594   1983   1359   2731   1709
   1543
H2O_Err
   -999   -999   -999   -999   -999  26391  20961  11803   8056   5488   6188
   5397   6174   3574   1379   2626   3668   4097   4570   5243   5767   6338
   6299   5752   6218   6143   5809   5541   5533   5197   3905   4351   4767
   4519   4282   3643   3206   3482   3533   3722   3594   3834   3701   3040
   2980   3245   3258   3284   2969   2563   2520   2600   2507   2331   2288
   2329   2320   2237   2229   2559   2610   2783   3364   2719   2466   2180
   2080   1916   1845   2404   2260   2284   3155   3536   2893   2209   2163
   2537   3041   2466   2877   4627   4268   3943   2552   1885   2556   4156
   7073   5516   3227   2022   3355   6423  25091   6964   3342   3776   5676
   4171
Ext386_Err
   -999   -999   -999   -999   -999   -999   -999   -999   -999   -999   -999
   -999   -999   -999   -999   -999   -999   -999   -999   -999   -999   -999
   -999   -999   3075   1904   1276   1141    931    724    746    795    669
    624    597    574    564    619    584    618    577    608    707    780
    894    990   1109   1266   1287   1511   2181   2574   2978   3541   3726
   4119   4304   6346   6561   4413   2495   2698   3559   4073   4839   6024
   7245   8514   9281  10975  11016  10957  11188  11768  11056   9927  10186
   8808   8011   7298
Ext452_Err
   -999   -999   -999   -999   -999   -999   -999   -999   -999   -999   -999
   -999   -999   -999   -999   -999   -999   -999   1162    834    816    599
    557    464    655    649    500    469    427    520     72    427    380
    358    342    338    321    353    337    354    345    353    425    493
    573    625    696    795    820    995   1446   1694   2064   2385   2701
   2825   3030   4188   4486   4494   4549   1264   2228   1930   1985   2291
   2151   2401   2251   2581   8874   7142   -999   -999   -999   -999   -999
   -999   -999   -999
Ext525_Err
   -999   -999   -999   -999   -999   -999   -999   -999   -999   -999   -999
   -999   4257   2510   4961   2052   1684   1684    175    609    674    527
    438    423    565    597    403    381    353    505     76    245    237
    231    215    207    219    233    209    229    218    240    293    336
    380    418    460    516    544    670    974   1107   1385   1652   1865
   1832   1956   2551   2928   3315   2641    863   1067   1078   1145   1188
   1380   1506   1503   1936   1827   1774   2002   1752   4394   1625   4193
   4059   4171   4112
Ext1020_Err
   -999   -999   -999   -999   -999    413    720    143   1133    309    586
   1979   2707    580   1813    465    919    317     18     99     70     42
     39     29    158     67     30      7     67     60      8      7     47
     56     49     49     11     45     20     81     46     79    132     66
     80    124    103     84    166    128    229     97    113    143    143
    278    351    406    250    926   1164    669   5366   1323   3983   1739
   2878   2288    703   4381   2609   4462  20891  14446   -999   -999   -999
   -999   -999   -999
Density_Err
    183    185    188    190    193    195    199    202    205    208    210
    213    215    217    219    222    224    225    227    228    228    228
    229    229    229    229    229    229    229    229    229    229    219
    208    199    190    183    184    184    184    185    192    200    208
    215    221    227    231    230    229    228    227    226    226    225
    224    224    223    223    222    222    222    227    232    238    243
    247    251    255    259    262    267    274    281    288    293    299
    304    309    313    317    321    324    327    330    334    337    341
    344    347    349    352    354    357    358    371    384    397    409
    420    466    465    464    462    460    459    458    458    458    460
    462    465    467    470    472    475    478    481    483    486    488
    491    493    496    498    500    503    505    508    511    513    516
    519    522    525    528    531    534    537    540
SurfDen_Err
  10000  10000  10000  10000  10000    413    720    143   1133    309    586
   1979    988   3213   4900   1523   1244   1190    118    353    432    349
    287    264    347    348    267    233    218    311     50    165    169
    172    176    192    220    246    225    257    269    304    409    502
    614    641    719    809    916   1193   2113   2361   2999   3850   5021
  10000  10000  10000  10000  10000  10000  10000  10000  10000  10000  10000
  10000  10000  10000  10000  10000  10000  10000  10000  10000  10000  10000
  10000  10000  10000
Radius_Err
  10000  10000  10000  10000  10000  10000  10000  10000  10000  10000  10000
  10000   1266   1714   3758   1689   1388   1400    147    518    569    443
    369    358    479    508    339    323    299    428     64    206    197
    190    173    160    165    172    153    165    151    165    192    213
    232    262    286    320    326    389    506    581    720    822    845
  10000  10000  10000  10000  10000  10000  10000  10000  10000  10000  10000
  10000  10000  10000  10000  10000  10000  10000  10000  10000  10000  10000
  10000  10000  10000
Dens_Mid_Atm_Err
    262     78    292    809    166     76    494    101    659    252    560
    372    831    124    152   1280    461   1615    546    209   1409    318
    612   1821   1004   1851    801   1696    487   2223   4788    861   3123
    573   1206   8129   3684   7977    482   2093   6193   1444   5321  25084
   7991   2413   4886   1661   1598  30000   9916   8034   4821    981  30000
   3810   1046   7130   5766   1829   9085  30000  22337  11159   7117  30000
  19731   -999   -999   -999
InfVec
   -999   -999   -999   -999   -999  22087  18375  18375  18375  18375  18375
  18375  18374  18118  17606  17350  17222  16966  16965    452    452    452
    452    452    452    452    452    452    452    452    387    386    386
    386    514    514    514    514    642    642    770    770    898   1026
   1026   1154   1282   1410   1538   1794   1922   1922   1922   1922   1922
   1922   1922   1922   1922   1922   1922   1922   1922   1922   1922   1922
   1922   1922   1922   1922   1922   1922   1922   1922   1938   1938   1938
   1938   1938   1938   1937   1937   1937   1937   1937   1937   1937   1937
   1937   1937   1937   1936   1936   1936   1936   1936   1936   1936   1936
   1936   8208   8208   8208   8208   8208   8208   8208   8208   8208   8208
   8208   8208   8208   8208   8208   8208   8208   8208   8208   8208   8208
   8208   8208   8208   8208   8208   8208   8208   8208   8208   8208   8208
   8208   8208   8208   8208   8208   8208   8208   8208
Tan_Alt
   0.000000       10.00000       20.00000       30.00000       40.00000    
   50.00000       60.00000       70.00000    
Tan_Lat
   55.96535       55.91439       55.86317       55.81169       55.75994    
   55.70792       55.65561       55.60300    
Tan_Lon
   94.30496       94.25603       94.20692       94.15762       94.10812    
   94.05842       94.00850       93.95835    
NMC_Pres
   969.9906       910.2985       854.0910       801.2323       751.3238    
   704.2089       659.7336       617.6334       577.7996       540.1332    
   504.5389       470.7899       438.8257       408.5894       379.9719    
   352.8857       327.2826       303.1067       280.2790       258.8492    
   238.8401       220.4366       203.5252       188.0223       173.7672    
   160.6432       148.5566       137.3899       127.0490       117.4737    
   108.6084       100.4013       92.79527       85.76962       79.28053    
   73.28666       67.74825       62.62778       57.89492       53.52028    
   49.47742       45.74614       42.29901       39.11420       36.17154    
   33.45245       30.93976       28.61108       26.46025       24.47823    
   22.65121       20.96658       19.41276       17.97918       16.65614    
   15.43475       14.30688       13.26507       12.30248       11.41283    
   10.59035       9.836609       9.159300       8.529604       7.944106    
   7.399640       6.893271       6.422280       5.984144       5.576524    
   5.197252       4.839166       4.500943       4.187515       3.896980    
   3.627589       3.377732       3.145927       2.930809       2.731121    
   2.545705       2.373493       2.213503       2.064826       1.926074    
   1.796482       1.675812       1.563437       1.458773       1.361279    
   1.270452       1.185827       1.106971       1.033480      0.9647079    
  0.9004241      0.8405744      0.7848427      0.7343099      0.6872149    
  0.6433453      0.6024598      0.5643049      0.5286402      0.4952456    
  0.4639297      0.4345334      0.4069293      0.3810132      0.3566753    
  0.3338123      0.3123283      0.2921351      0.2731608      0.2553372    
  0.2385996      0.2228868      0.2081405      0.1943057      0.1813335    
  0.1691771      0.1577916      0.1471336      0.1371594      0.1278273    
  0.1190983      0.1109354      0.1033040      0.9617122E-01  0.8950575E-01
  0.8327804E-01  0.7746045E-01  0.7202702E-01  0.6695386E-01  0.6221849E-01
  0.5779972E-01  0.5367763E-01  0.4983344E-01  0.4624953E-01  0.4291064E-01
NMC_Temp
   269.2956       268.3631       267.4306       265.6690       263.8401    
   262.0111       259.2901       256.4785       253.6669       250.8553    
   248.0437       244.4804       240.8031       237.1258       233.0845    
   228.8912       224.6979       220.5046       217.0699       213.7513    
   212.8673       213.8388       214.8102       215.6965       216.5587    
   217.4210       218.1395       217.8409       217.5423       217.2438    
   216.9452       216.6466       216.7841       216.9450       217.1059    
   217.2668       217.3727       217.4012       217.4297       217.4582    
   217.5072       217.6891       217.8711       218.0530       218.2349    
   218.4168       218.5988       219.1672       219.9883       220.8094    
   221.6305       222.4516       223.2727       224.0938       224.9148    
   225.7359       226.5570       227.3781       228.1992       229.0203    
   229.8414       230.5586       230.9294       231.3002       231.6711    
   232.0419       232.4127       232.7836       233.1544       233.5252    
   233.8960       234.5043       235.4029       236.3014       237.1999    
   238.0984       238.9970       239.8955       240.7940       241.6926    
   242.5911       243.4896       244.3882       245.2867       245.9317    
   246.3609       246.7900       247.2192       247.6483       248.0774    
   248.5066       248.9357       249.3649       249.7940       250.3394    
   250.9920       251.6446       252.2972       253.1390       254.2624    
   255.5110       256.5491       257.2644       257.5656       257.4413    
   256.9621       256.2639       255.5300       254.8440       253.8862    
   252.9283       251.7008       250.4734       249.2504       248.0274    
   246.8087       245.5901       244.3760       243.1618       242.0859    
   241.0101       240.0707       239.1314       238.1938       237.2563    
   236.3206       235.3850       234.4512       233.5174       232.5426    
   231.5678       230.5511       229.5345       228.5185       227.5026    
   226.4874       225.4722       224.4577       223.4432       222.6155    
NMC_Dens
  0.2608942E+20  0.2456899E+20  0.2313233E+20  0.2184458E+20  0.2062589E+20
  0.1946740E+20  0.1842930E+20  0.1744239E+20  0.1649832E+20  0.1559566E+20
  0.1473305E+20  0.1394792E+20  0.1319946E+20  0.1248057E+20  0.1180767E+20
  0.1116686E+20  0.1054994E+20  0.9956437E+19  0.9352274E+19  0.8771306E+19
  0.8126891E+19  0.7466610E+19  0.6862611E+19  0.6313824E+19  0.5811903E+19
  0.5351644E+19  0.4932692E+19  0.4568163E+19  0.4230129E+19  0.3916694E+19
  0.3626100E+19  0.3356709E+19  0.3100449E+19  0.2863585E+19  0.2644972E+19
  0.2443193E+19  0.2257456E+19  0.2086562E+19  0.1928625E+19  0.1782662E+19
  0.1647630E+19  0.1522102E+19  0.1406232E+19  0.1299268E+19  0.1200519E+19
  0.1109348E+19  0.1025169E+19  0.9455509E+18  0.8712053E+18  0.8029501E+18
  0.7402666E+18  0.6826818E+18  0.6297643E+18  0.5811207E+18  0.5363921E+18
  0.4952508E+18  0.4573975E+18  0.4225589E+18  0.3904854E+18  0.3609487E+18
  0.3337402E+18  0.3090227E+18  0.2872825E+18  0.2671031E+18  0.2483702E+18
  0.2309779E+18  0.2148284E+18  0.1998311E+18  0.1859022E+18  0.1729641E+18
  0.1609448E+18  0.1494672E+18  0.1384898E+18  0.1283560E+18  0.1189981E+18
  0.1103539E+18  0.1023668E+18  0.9498450E+17  0.8815926E+17  0.8184719E+17
  0.7600801E+17  0.7060473E+17  0.6560337E+17  0.6097273E+17  0.5672632E+17
  0.5281744E+17  0.4918402E+17  0.4580623E+17  0.4266567E+17  0.3974532E+17
  0.3702940E+17  0.3450329E+17  0.3215341E+17  0.2996721E+17  0.2791212E+17
  0.2598444E+17  0.2419439E+17  0.2253182E+17  0.2101099E+17  0.1957657E+17
  0.1823731E+17  0.1700920E+17  0.1588768E+17  0.1486615E+17  0.1393377E+17
  0.1307703E+17  0.1228180E+17  0.1153462E+17  0.1082908E+17  0.1017561E+17
  0.9559411E+16  0.8987791E+16  0.8447893E+16  0.7937957E+16  0.7456598E+16
  0.7002215E+16  0.6573545E+16  0.6169136E+16  0.5787839E+16  0.5425437E+16
  0.5084317E+16  0.4760700E+16  0.4456580E+16  0.4170818E+16  0.3902402E+16
  0.3650311E+16  0.3413639E+16  0.3191470E+16  0.2982992E+16  0.2787884E+16
  0.2604825E+16  0.2433543E+16  0.2272866E+16  0.2122171E+16  0.1980885E+16
  0.1848451E+16  0.1724355E+16  0.1608099E+16  0.1499224E+16  0.1396162E+16
NMC_Dens_Err
    113    113    113    114    115    116    117    119    120    121    122
    124    126    128    131    133    136    138    140    142    143    142
    142    141    140    140    139    140    140    140    140    140    129
    118    107     98     93     93     93     93     94    103    111    118
    125    131    137    139    138    137    136    136    135    135    134
    134    133    133    133    132    132    136    153    170    185    200
    213    226    238    248    258    267    275    283    290    297    303
    309    314    319    324    328    332    335    339    344    348    353
    357    360    364    367    370    372    380    392    403    413    474
    472    470    468    466    466    466    467    468    470    471    473
    474    477    479    481    484    486    489    491    493    496    498
    500    502    504    506    508    510    512    514    516    518    520
    523    525    527    530    532    535    537    539
Trop_Height
   10.30349    
Wavelength
   1.019220      0.9350220      0.5998990      0.5251660      0.4525700    
  0.4480000      0.3861950    
O3
  -999.0000      -999.0000      -999.0000      -999.0000      -999.0000    
  -999.0000      -999.0000      -999.0000      -999.0000      -999.0000    
  -999.0000      -999.0000      -999.0000      -999.0000      -999.0000    
  -999.0000      -999.0000      -999.0000      0.5663541E+12  0.7843697E+12
  0.7356933E+12  0.6916124E+12  0.6042034E+12  0.5902464E+12  0.6449295E+12
  0.8742880E+12  0.1277859E+13  0.1330025E+13  0.1397369E+13  0.1515716E+13
  0.1785359E+13  0.2239501E+13  0.2828825E+13  0.3714042E+13  0.4591267E+13
  0.5122296E+13  0.5128092E+13  0.4978128E+13  0.4752684E+13  0.4755464E+13
  0.4704088E+13  0.4654436E+13  0.4542878E+13  0.4464507E+13  0.4678286E+13
  0.4814520E+13  0.4675232E+13  0.4400021E+13  0.3999994E+13  0.4066646E+13
  0.4154373E+13  0.4046856E+13  0.3818219E+13  0.3612680E+13  0.3443147E+13
  0.3257018E+13  0.3055864E+13  0.2834066E+13  0.2632177E+13  0.2419894E+13
  0.2177834E+13  0.2006528E+13  0.1910665E+13  0.1716963E+13  0.1609332E+13
  0.1467724E+13  0.1396795E+13  0.1279001E+13  0.1173084E+13  0.1073459E+13
  0.1014610E+13  0.9654120E+12  0.8810673E+12  0.8379074E+12  0.7709738E+12
  0.7337115E+12  0.6781317E+12  0.6471260E+12  0.5896237E+12  0.5445279E+12
  0.4920477E+12  0.4533627E+12  0.4157428E+12  0.3853971E+12  0.3526715E+12
  0.3148112E+12  0.2750128E+12  0.2472201E+12  0.2242095E+12  0.1954225E+12
  0.1632063E+12  0.1477674E+12  0.1321201E+12  0.1162181E+12  0.9888228E+11
  0.8955706E+11  0.8107746E+11  0.7570937E+11  0.6768398E+11  0.6155975E+11
  0.5137506E+11  0.4541906E+11  0.3999560E+11  0.3511216E+11  0.3103834E+11
  0.2754379E+11  0.2469055E+11  0.2210748E+11  0.1981404E+11  0.1782558E+11
  0.1610089E+11  0.1466455E+11  0.1346615E+11  0.1242820E+11  0.1147145E+11
  0.1051871E+11  0.9578810E+10  0.8592837E+10  0.7637911E+10  0.6745543E+10
  0.5933671E+10  0.5184655E+10  0.4481672E+10  0.3847104E+10  0.3296972E+10
  0.2847667E+10  0.2483167E+10  0.2169417E+10  0.1922052E+10  0.1729301E+10
  0.1593096E+10  0.1497239E+10  0.1430697E+10  0.1389817E+10  -999.0000    
  -999.0000      -999.0000      -999.0000      -999.0000      -999.0000    
NO2
  -999.0000      -999.0000      -999.0000      -999.0000      -999.0000    
  -999.0000      -999.0000      -999.0000      -999.0000      -999.0000    
  -999.0000      -999.0000      -999.0000      -999.0000      -999.0000    
  -999.0000      -999.0000      -999.0000      -999.0000      -999.0000    
  -999.0000      -999.0000      -999.0000      -999.0000      -999.0000    
  -999.0000      -999.0000      -999.0000      -999.0000      -999.0000    
  0.1198646E+09  0.1316522E+09  0.1271131E+09  0.1198633E+09  0.1234382E+09
  0.1385785E+09  0.1757329E+09  0.2354501E+09  0.3108412E+09  0.4029489E+09
  0.5007307E+09  0.6194932E+09  0.7701503E+09  0.8621017E+09  0.8434147E+09
  0.7893519E+09  0.7756138E+09  0.8575988E+09  0.1014449E+10  0.1101648E+10
  0.1054559E+10  0.9667233E+09  0.9033398E+09  0.9021894E+09  0.9869132E+09
  0.1085123E+10  0.1125447E+10  0.1141649E+10  0.1186399E+10  0.1230710E+10
  0.1238552E+10  0.1195604E+10  0.1099121E+10  0.1007397E+10  0.9598003E+09
  0.9312920E+09  0.9063813E+09  0.8667465E+09  0.7972733E+09  0.6802637E+09
  0.5480878E+09  0.4525035E+09  0.3794359E+09  0.3126505E+09  0.2544865E+09
  0.2059790E+09  0.1670553E+09  0.1362358E+09  0.1118251E+09  0.9265530E+08
  0.7774094E+08  0.6635576E+08  0.5807728E+08  0.5238184E+08  0.4856623E+08
  0.4618994E+08  0.4502791E+08  0.4486626E+08  0.4550752E+08  0.4682746E+08
  0.4872312E+08  0.5118825E+08  0.5393971E+08  0.5651005E+08  0.5875230E+08
  0.6069122E+08  0.6230976E+08  0.6340477E+08  0.6391972E+08  0.6410168E+08
H2O
  -999.0000      -999.0000      -999.0000      -999.0000      -999.0000    
  -999.0000      -999.0000      -999.0000      -999.0000      -999.0000    
  -999.0000      -999.0000      -999.0000      -999.0000      -999.0000    
  -999.0000      -999.0000      0.1876883E-03  0.8890096E-04  0.9350717E-05
  0.1124014E-04  0.1301295E-04  0.1089989E-04  0.6926029E-05  0.4886606E-05
  0.4620094E-05  0.5178033E-05  0.5930464E-05  0.6572904E-05  0.6792078E-05
  0.7072325E-05  0.7185415E-05  0.6458798E-05  0.5464658E-05  0.4626186E-05
  0.4263046E-05  0.4352752E-05  0.4613059E-05  0.4702531E-05  0.4666512E-05
  0.4614548E-05  0.4481236E-05  0.4598304E-05  0.4766212E-05  0.4656928E-05
  0.4667025E-05  0.4684196E-05  0.4747454E-05  0.4960004E-05  0.5173941E-05
  0.5357358E-05  0.5354377E-05  0.4975956E-05  0.5000195E-05  0.5652640E-05
  0.5998089E-05  0.5545734E-05  0.4862421E-05  0.4877227E-05  0.5222934E-05
  0.5298783E-05  0.5492080E-05  0.6161026E-05  0.6442938E-05  0.5361224E-05
  0.4307013E-05  0.4797003E-05  0.5097329E-05  0.4646763E-05  0.4880427E-05
  0.5278338E-05  0.5708827E-05  0.5269509E-05  0.3477356E-05  0.2910524E-05
  0.3759479E-05  0.3913844E-05  0.3465561E-05  0.3424001E-05  0.3760015E-05
  0.4220718E-05  0.4397820E-05  0.4252701E-05  0.5126460E-05  0.7504444E-05
  0.9563862E-05  0.1011467E-04  0.1101328E-04  0.1273063E-04  0.1145662E-04
  0.7557502E-05  0.6113426E-05  0.6591657E-05  0.6381299E-05  0.6773043E-05
  0.8073591E-05  0.1135855E-04  0.1653957E-04  0.1876721E-04  0.2046861E-04
Ext386
  -999.0000      -999.0000      -999.0000      -999.0000      -999.0000    
  -999.0000      -999.0000      -999.0000      -999.0000      -999.0000    
  -999.0000      -999.0000      -999.0000      -999.0000      -999.0000    
  -999.0000      -999.0000      -999.0000      -999.0000      -999.0000    
  -999.0000      -999.0000      -999.0000      0.3250532E-03  0.9627445E-03
  0.1583535E-02  0.1617115E-02  0.1912128E-02  0.1886257E-02  0.1911439E-02
  0.2571906E-02  0.2435620E-02  0.3072498E-02  0.3024949E-02  0.2483156E-02
  0.2428090E-02  0.2082592E-02  0.1497794E-02  0.1294943E-02  0.1047747E-02
  0.8380095E-03  0.6724079E-03  0.3983560E-03  0.2766696E-03  0.5359831E-03
  0.5274567E-03  0.4824036E-03  0.2966208E-03  0.1124248E-03  0.4954178E-04
  0.1958841E-03  0.1500639E-03  0.1388954E-03  0.1402448E-03  0.1245788E-03
  0.1107560E-03  0.9145999E-04  0.8470026E-04  0.5618903E-04  0.2446346E-04
  0.2930782E-04  0.2311779E-04  0.1838882E-04  0.1461253E-04  0.1208305E-04
  0.1076323E-04  0.9787611E-05  0.8984402E-05  0.8333275E-05  0.7840684E-05
  0.7483846E-05  -999.0000      -999.0000      -999.0000      -999.0000    
  -999.0000      -999.0000      -999.0000      -999.0000      -999.0000    
Ext452
  -999.0000      -999.0000      -999.0000      -999.0000      -999.0000    
  -999.0000      -999.0000      -999.0000      -999.0000      -999.0000    
  -999.0000      -999.0000      -999.0000      -999.0000      -999.0000    
  -999.0000      -999.0000      -999.0000      -999.0000      0.7430597E-02
  0.3802146E-02  0.2518150E-02  0.1890237E-02  0.1148977E-02  0.1581772E-02
  0.2186519E-02  0.2156316E-02  0.2114908E-02  0.1979956E-02  0.2139057E-02
  0.2770798E-02  0.2635413E-02  0.3221733E-02  0.3343259E-02  0.2616989E-02
  0.2481602E-02  0.2183893E-02  0.1476562E-02  0.1377772E-02  0.1074160E-02
  0.8432525E-03  0.6914177E-03  0.3900289E-03  0.2428252E-03  0.5684844E-03
  0.5384947E-03  0.4867293E-03  0.3033270E-03  0.1115793E-03  0.6865474E-04
  0.2096228E-03  0.1801009E-03  0.1484740E-03  0.1485099E-03  0.1478776E-03
  0.1275790E-03  0.9043590E-04  0.8400103E-04  0.5111318E-04  0.4952877E-04
  0.1319717E-04  0.2736676E-04  0.2246452E-04  0.1836672E-04  0.1571804E-04
  0.1336694E-04  0.1276466E-04  0.1151038E-04  0.1046213E-04  0.9705798E-05
  0.9164228E-05  0.8810697E-05  0.8611890E-05  0.8582452E-05  0.8711317E-05
  0.8902457E-05  0.9172998E-05  0.9512438E-05  0.9916046E-05  0.1047362E-04
Ext525
  -999.0000      -999.0000      -999.0000      -999.0000      -999.0000    
  -999.0000      -999.0000      -999.0000      -999.0000      -999.0000    
  -999.0000      -999.0000      -999.0000      -999.0000      -999.0000    
  -999.0000      -999.0000      -999.0000      0.9917100E-02  0.4988519E-02
  0.3905041E-02  0.2573785E-02  0.1831834E-02  0.1076222E-02  0.1412425E-02
  0.2019588E-02  0.2080412E-02  0.2119994E-02  0.2046845E-02  0.2277296E-02
  0.2721426E-02  0.2821184E-02  0.3170928E-02  0.3109875E-02  0.2524914E-02
  0.2210926E-02  0.1884121E-02  0.1363859E-02  0.1153116E-02  0.9122265E-03
  0.7236788E-03  0.5538600E-03  0.3314133E-03  0.2489267E-03  0.4544517E-03
  0.4768565E-03  0.3993000E-03  0.2427608E-03  0.9312073E-04  0.7629079E-04
  0.1429886E-03  0.1223393E-03  0.1085209E-03  0.9976186E-04  0.9308869E-04
  0.8499408E-04  0.7435018E-04  0.6499490E-04  0.4756092E-04  0.2581644E-04
  0.2846552E-04  0.2323284E-04  0.1895290E-04  0.1552658E-04  0.1301762E-04
  0.1140246E-04  0.9811258E-05  0.8616795E-05  0.7649186E-05  0.6826857E-05
  0.6180931E-05  0.5617170E-05  0.5183736E-05  0.4880816E-05  0.4653296E-05
  0.4489650E-05  0.4412691E-05  0.4386334E-05  0.4389863E-05  0.4481642E-05
Ext1020
  -999.0000      -999.0000      -999.0000      -999.0000      -999.0000    
  -999.0000      -999.0000      -999.0000      -999.0000      -999.0000    
  -999.0000      -999.0000      -999.0000      -999.0000      -999.0000    
  -999.0000      -999.0000      0.3139241E-01  0.1000240E-01  0.6206505E-02
  0.4541386E-02  0.2340563E-02  0.1110808E-02  0.5945546E-03  0.7028134E-03
  0.1100518E-02  0.1256642E-02  0.1309977E-02  0.1324708E-02  0.1411943E-02
  0.1537691E-02  0.1593553E-02  0.1535472E-02  0.1331547E-02  0.9734056E-03
  0.7583668E-03  0.6182208E-03  0.4310025E-03  0.3582393E-03  0.2769117E-03
  0.2074713E-03  0.1502354E-03  0.7985699E-04  0.7245393E-04  0.1176970E-03
  0.1299238E-03  0.1051724E-03  0.5898951E-04  0.1596405E-04  0.2019550E-04
  0.2578767E-04  0.2025051E-04  0.1595793E-04  0.1312768E-04  0.1207430E-04
  0.1079828E-04  0.9381510E-05  0.8246801E-05  0.7696833E-05  0.7278035E-05
  0.6892763E-05  0.6540407E-05  0.6190325E-05  -999.0000      -999.0000    
  -999.0000      -999.0000      -999.0000      -999.0000      -999.0000    
  -999.0000      -999.0000      -999.0000      -999.0000      -999.0000    
  -999.0000      -999.0000      -999.0000      -999.0000      -999.0000    
Density
  0.2608942E+20  0.2456899E+20  0.2313233E+20  0.2184458E+20  0.2062589E+20
  0.1946740E+20  0.1842930E+20  0.1744239E+20  0.1649832E+20  0.1559566E+20
  0.1473305E+20  0.1394792E+20  0.1319946E+20  0.1248057E+20  0.1180767E+20
  0.1116686E+20  0.1054994E+20  0.9956437E+19  0.9352274E+19  0.8771306E+19
  0.8126891E+19  0.7466610E+19  0.6862611E+19  0.6313824E+19  0.5811903E+19
  0.5351644E+19  0.4932692E+19  0.4568163E+19  0.4230129E+19  0.3916694E+19
  0.3626100E+19  0.3356709E+19  0.3100449E+19  0.2863585E+19  0.2644972E+19
  0.2443193E+19  0.2257456E+19  0.2086562E+19  0.1928625E+19  0.1782662E+19
  0.1647630E+19  0.1522102E+19  0.1406232E+19  0.1299268E+19  0.1200519E+19
  0.1109348E+19  0.1025169E+19  0.9455509E+18  0.8712053E+18  0.8029501E+18
  0.7402666E+18  0.6826818E+18  0.6297643E+18  0.5811207E+18  0.5363921E+18
  0.4952508E+18  0.4573975E+18  0.4225589E+18  0.3904854E+18  0.3609487E+18
  0.3337402E+18  0.3090227E+18  0.2872825E+18  0.2671031E+18  0.2483702E+18
  0.2309779E+18  0.2148284E+18  0.1998311E+18  0.1859022E+18  0.1729641E+18
  0.1609448E+18  0.1494672E+18  0.1384898E+18  0.1283560E+18  0.1189981E+18
  0.1103539E+18  0.1023668E+18  0.9498450E+17  0.8815926E+17  0.8184719E+17
  0.7600801E+17  0.7060473E+17  0.6560337E+17  0.6097273E+17  0.5672632E+17
  0.5281744E+17  0.4918402E+17  0.4580623E+17  0.4266567E+17  0.3974532E+17
  0.3702940E+17  0.3450329E+17  0.3215341E+17  0.2996721E+17  0.2791212E+17
  0.2598444E+17  0.2419439E+17  0.2253182E+17  0.2101099E+17  0.1957657E+17
  0.1823731E+17  0.1700920E+17  0.1588768E+17  0.1486615E+17  0.1393377E+17
  0.1307703E+17  0.1228180E+17  0.1153462E+17  0.1082908E+17  0.1017561E+17
  0.9559411E+16  0.8987791E+16  0.8447893E+16  0.7937957E+16  0.7456598E+16
  0.7002215E+16  0.6573545E+16  0.6169136E+16  0.5787839E+16  0.5425437E+16
  0.5084317E+16  0.4760700E+16  0.4456580E+16  0.4170818E+16  0.3902402E+16
  0.3650311E+16  0.3413639E+16  0.3191470E+16  0.2982992E+16  0.2787884E+16
  0.2604825E+16  0.2433543E+16  0.2272866E+16  0.2122171E+16  0.1980885E+16
  0.1848451E+16  0.1724355E+16  0.1608099E+16  0.1499224E+16  0.1396162E+16
SurfDen
  -999.0000      -999.0000      -999.0000      -999.0000      -999.0000    
  -999.0000      -999.0000      -999.0000      -999.0000      -999.0000    
  -999.0000      -999.0000      -999.0000      -999.0000      -999.0000    
  -999.0000      -999.0000       62.78481       24.06750       14.13525    
   10.51156       5.819527       3.300779       1.867831       2.370157    
   3.487783       3.742332       3.852098       3.800436       4.144253    
   4.763269       4.937272       5.283147       5.063293       4.085048    
   3.611718       3.105003       2.269802       1.929091       1.538113    
   1.248959      0.9832067      0.6376874      0.4267266      0.8297058    
  0.8444186      0.7212381      0.4639923      0.2714186      0.1373767    
  0.3842455      -999.0000      -999.0000      -999.0000      -999.0000    
  -999.0000      -999.0000      -999.0000      -999.0000      -999.0000    
  -999.0000      -999.0000      -999.0000      -999.0000      -999.0000    
  -999.0000      -999.0000      -999.0000      -999.0000      -999.0000    
  -999.0000      -999.0000      -999.0000      -999.0000      -999.0000    
  -999.0000      -999.0000      -999.0000      -999.0000      -999.0000    
Radius
  -999.0000      -999.0000      -999.0000      -999.0000      -999.0000    
  -999.0000      -999.0000      -999.0000      -999.0000      -999.0000    
  -999.0000      -999.0000      -999.0000      -999.0000      -999.0000    
  -999.0000      -999.0000      -999.0000      0.5681694      0.6239562    
  0.6097839      0.5314570      0.3837621      0.3545667      0.3248443    
  0.3504845      0.3824922      0.3899629      0.4056190      0.3910871    
  0.3613932      0.3612963      0.3176374      0.2876789      0.2653374    
  0.2435825      0.2361053      0.2300842      0.2274422      0.2239431    
  0.2157271      0.2083071      0.1940400      0.2178477      0.2024833    
  0.2088839      0.2045677      0.1949862      0.1628580      0.2051965    
  0.1667291      -999.0000      -999.0000      -999.0000      -999.0000    
  -999.0000      -999.0000      -999.0000      -999.0000      -999.0000    
  -999.0000      -999.0000      -999.0000      -999.0000      -999.0000    
  -999.0000      -999.0000      -999.0000      -999.0000      -999.0000    
  -999.0000      -999.0000      -999.0000      -999.0000      -999.0000    
  -999.0000      -999.0000      -999.0000      -999.0000      -999.0000    
Dens_Mid_Atm
  0.1127603E+18  0.4240764E+17  0.1006265E+18  0.4832836E+17  0.7589112E+17
  0.3387382E+17  0.5341068E+17  0.4571694E+17  0.4306146E+17  0.3441717E+17
  0.3683311E+17  0.2337640E+17  0.1616614E+17  0.4000119E+17  0.1040019E+17
  0.2287805E+17  0.2004068E+17  0.4920491E+16  0.2876598E+17  0.1131166E+17
  0.2450042E+17  0.1210910E+17  0.2041490E+17  0.7960479E+16  0.9369250E+16
  0.1355929E+17  0.7871409E+16  0.1035126E+17  0.1168213E+16  0.2532467E+16
  0.8433533E+16  0.8766106E+16  0.9973696E+16  0.1661187E+16  0.8743765E+16
  0.1446620E+17  0.1076404E+17  0.9183361E+16  0.3433241E+16  0.1245366E+17
  0.7575143E+16  0.3452342E+16  0.4508469E+16  0.8016196E+16  0.8055792E+15
  0.1402720E+15  0.3474867E+16  0.3955297E+15  0.3292067E+16  0.5005024E+16
  0.3125251E+15  0.5945317E+16  0.4146930E+15  0.3513875E+16  0.6384444E+14
  0.2825882E+16  0.2143099E+16  0.4960666E+16  0.2308211E+16  0.5060037E+15
  0.4336692E+16  0.1362529E+15  0.5464665E+14  0.1498020E+14  0.7689649E+15
  0.3123058E+16  0.1307622E+15  0.4472247E+16  0.2677220E+15  0.4898513E+16
O3_Err
   -999   -999   -999   -999   -999   -999   -999   -999   -999   -999   -999
   -999   -999   -999   -999   -999   -999   -999  30000  11390  25649   5308
   4495   3760   3198   2173   1208   1295   1150   1318    159    454    390
    223    178    117     95     84     90     51     62    126     54     70
     27     86     65     94     43     62     67     31     75     58     34
     14     79     66     61     30     40     65     26     49    106    118
     99     96    129    116    134     65    216    177    135    110    276
    109     89    113    121     95    113     94    161    403    278     90
    185    131    244    121    599     52    359    146    202    369     62
    204    189    132     63    282     48    264    272    107     60    348
    416    308    345   1015    157    207    367    921   1501    814    252
    584    241   1093    941   1649   3907   2561   1653   1395    553   1200
   2170   2217   -999   -999   -999   -999   -999   -999
NO2_Err
   -999   -999   -999   -999   -999   -999   -999   -999   -999   -999   -999
   -999   -999   -999   -999   -999   -999   -999   -999   -999   -999   -999
   -999   -999   -999   -999   -999   -999   -999   -999  30000  30000  30000
  30000  30000  25157  14954  10239   6611   5779   3006   3445   2328   1882
   1922   1986   2501   2132   1512   1481   1087   1673   1202   1145   1100
   1029    887    727    607    547    487    399    542    503    617    718
    629    782    769    899    346    341    518    510    676    733    847
   1038   1160   1557   1559   1729   1863   1964    938   5480   2541   1547
   2665   1442   2169    549   3653    548   1798   1266   1172   1265    442
   1370
H2O_Err
   -999   -999   -999   -999   -999   -999   -999   -999   -999   -999   -999
   -999   -999   -999   -999   -999   -999  13225  13351  30000  26148  12463
   3582   4079   5749   5749   4894   4250   3851   3514   2974   3683   4110
   4385   4505   4451   3459   2632   2314   2916   4144   3948   2453   2249
   2318   2775   2790   2563   2127   2383   2574   2461   3338   3494   3126
   3142   2096   2348   1972   1586   1498   1317   1337   1746   2088   2503
   1978   2156   3022   3438   3133   2502   3567   4842   4186   3877   5741
   7326   5300   5015   5375   4062   5619   3393   4079   5585   3765   2230
   2289   2702   5095   7079  11384   9449   8307   7680   6240   4686   3269
   4506
Ext386_Err
   -999   -999   -999   -999   -999   -999   -999   -999   -999   -999   -999
   -999   -999   -999   -999   -999   -999   -999   -999   -999   -999   -999
   -999  10869   3695   1427   1489   1032    934    700    611    684    466
    430    398    357    307    418    426    510    483    702   1069   1544
    783    783    913   1432   3340   7180   1630   2053   2014   1812   1884
   1919   2397   2250   2984   6591   1391   1405   1966   2493   3241   3919
   4013   4611   4697  20866  17351   -999   -999   -999   -999   -999   -999
   -999   -999   -999
Ext452_Err
   -999   -999   -999   -999   -999   -999   -999   -999   -999   -999   -999
   -999   -999   -999   -999   -999   -999   -999   -999    955    615    876
    850   1075    764    612    491    465    445    504     55    385    268
    207    221    228    194    255    238    354    284    463    765    965
    439    432    622    908   2048   3761    697   1567    799    992   1110
   1702   1197   1198   2159   1585   7342    646    680   1264   1295   1772
   1806   2412   2288   2670   2760   2243   3441   2018   2857   2252   1972
   1945   1614   1964
Ext525_Err
   -999   -999   -999   -999   -999   -999   -999   -999   -999   -999   -999
   -999   -999   -999   -999   -999   -999   -999   2969    750   1851    782
    785   1050    704    490    409    415    382    473     62    212    166
    144    154    141    144    173    189    164    201    487    422    665
    289    337    405    728   1374   1729    863    754   1156   1067    799
    734   1289   1204   1366   1851    543    600    545    871   1384   1888
   1747   2024   2404   2450   2912   2241   3644   3764   3048   2877   4099
   2864   2114   2263
Ext1020_Err
   -999   -999   -999   -999   -999   -999   -999   -999   -999   -999   -999
   -999   -999   -999   -999   -999   -999    263   1255    456   1350    328
     23    222    277    145     66     31     57     32     27     37     33
     36     47     87     46     50     51     50    224    384     58    294
     70    183    206    164    356    213    230    102    110    422    335
    922    163    398    448     93    205    850    957   -999   -999   -999
   -999   -999   -999   -999   -999   -999   -999   -999   -999   -999   -999
   -999   -999   -999
Density_Err
    113    113    113    114    115    116    117    119    120    121    122
    124    126    128    131    133    136    138    140    142    143    142
    142    141    140    140    139    140    140    140    140    140    129
    118    107     98     93     93     93     93     94    103    111    118
    125    131    137    139    138    137    136    136    135    135    134
    134    133    133    133    132    132    136    153    170    185    200
    213    226    238    248    258    267    275    283    290    297    303
    309    314    319    324    328    332    335    339    344    348    353
    357    360    364    367    370    372    380    392    403    413    474
    472    470    468    466    466    466    467    468    470    471    473
    474    477    479    481    484    486    489    491    493    496    498
    500    502    504    506    508    510    512    514    516    518    520
    523    525    527    530    532    535    537    539
SurfDen_Err
  10000  10000  10000  10000  10000  10000  10000  10000  10000  10000  10000
  10000  10000  10000  10000  10000  10000    263    881    173    462    264
    442    665    510    316    231    228    198    259     38    131    125
    126    155    164    178    224    250    223    294    761    762    952
    478    523    656   1300   3676   2782   2185  10000  10000  10000  10000
  10000  10000  10000  10000  10000  10000  10000  10000  10000  10000  10000
  10000  10000  10000  10000  10000  10000  10000  10000  10000  10000  10000
  10000  10000  10000
Radius_Err
  10000  10000  10000  10000  10000  10000  10000  10000  10000  10000  10000
  10000  10000  10000  10000  10000  10000  10000   1750    214    730    544
    668    888    582    414    348    354    324    402     52    180    137
    113    116    100    100    118    127    109    129    303    243    431
    175    210    247    422    625   1059    408  10000  10000  10000  10000
  10000  10000  10000  10000  10000  10000  10000  10000  10000  10000  10000
  10000  10000  10000  10000  10000  10000  10000  10000  10000  10000  10000
  10000  10000  10000
Dens_Mid_Atm_Err
    288    508    181    610    952   3365    687    205   1234    340   1098
   1584   6198    187   5044   1300   1509   7207    446   1519   3212    649
    459   6283    651   2327   3456   1976  30000  11783   5821   4786   2423
  26140   4387   2716   1033   2711  16495   3017    868   2782    942   3998
  21530  30000  22308  30000   8041   1344   9475   4490  30000   4982  30000
  17677   2296   3256  15553   7973   1110  30000  30000  30000  30000   2463
  30000   2673  30000   7367
InfVec
   -999   -999   -999   -999   -999   -999   -999   -999   -999   -999   -999
   -999   -999   -999   -999   -999   -999  17863  16838  16965    580    836
    708    708    580    580    580    580    580    580    387    386    386
    514    514    642    770    770    898   1026   1154   1282   1410   1410
   1410   1410   1666   1922   1922   1922   1922   1922   1922   1922   1922
   1922   1922   1922   1922   1922   1922   1922   1922   1938   1938   1938
   1938   1938   1938   1938   1938   1938   1938   1938   1938   1938   1938
   1938   1938   1938   1937   1937   1937   1937   1937   1937   1937   1937
   1937   1937   1937   1936   1936   1936   1936   1936   1936   1936   1936
   1936   8208   8208   8208   8208   8208   8208   8208   8208   8208   8208
   8208   8208   8208   8208   8208   8208   8208   8208   8208   8208   8208
   8208   8208   8208   8208   8208   8208   8208   8208   8208   8208   8208
   8208   8208   8208   8208   8208   8208   8208   8208
